18381411
19055748
15023342
18592372
18483266
18507500
19266279
18373191
20029976
18782450
19435916
19204204
18928525
18676831
18593943
18523026
19020972
18625725
17013392
17542648
19326913
19043454
19128516
19153601
18714337
16217747
19458043
18790743
19190350
19155472
18778486
18826606
18821012
19440163
18927117
19421193
19826428
21947828
19567590
21737656
19383354
19603527
19034270
19399471
15328174
19411072
18199711
19411069
19155303
19190334
20215510
15574777
19573813
19073608
19904269
19187537
16280042
19697143
19546881
19684618
19946373
19706540
19327144
19483725
19593441
19652013
19497124
19582160
19432969
19798054
19056847
19690609
20603076
19901029
15897907
19432961
20603605
19732436
19887484
19672874
19671800
19674463
19573224
20420713
21422418
19597549
19593635
19700746
21939527
19292896
19648928
19664288
20442288
19682730
19826037
21153051
20145151
20697068
21057535
20370918
20023006
20385360
19783824
20123965
20231686
20458274
20682797
19828020
19789319
19778445
20392875
20040597
20885442
20100965
20404328
21220496
20074520
20051100
19680443
20530877
20818426
21057537
19723875
20352489
20062080
20697427
22912335
15721472
19794958
20393566
20197764
16906285
20551037
22137794
21115855
21501481
21910250
20453058
20442245
21646475
21314937
21814748
21429729
21059815
20736300
21209903
21737487
15958562
15831674
21373875
21718502
20569502
15821115
20068102
22049316
20799942
20959477
23451269
21356353
20442302
22108517
16740749
16888767
19713161
21437235
21116709
20920318
21679412
22665533
21336598
20610814
21849418
20368555
21464939
21337521
21339811
24752895
22170610
21191116
21531212
21750966
20713713
15864312
20935265
20956553
21542898
21305644
22034635
21558518
22115192
21172013
22706203
21118987
21156726
22581827
21295272
20716336
21098291
16049480
21555689
21687633
21925160
21282336
21741598
21299862
21671017
21430268
23057841
23233531
21572391
21541704
21714911
21807638
21368160
21840484
21698245
21955753
21392396
21532620
23202794
21713035
21781289
22901808
21603599
22011439
21642992
22072566
21832072
21586611
22076154
22235336
21673316
22135092
22722193
20841480
16478745
22011582
22068913
23071754
16355216
22790872
22685544
21757645
22579283
24014597
21878914
22451486
22147940
20008144
22542627
22167321
21862633
21947683
22391567
24486594
23479404
22242178
22384245
16273092
22549178
17150101
22621393
22265415
22644306
18430221
22235097
23086238
19584232
20805453
23042145
26021444
22553414
22320227
22654675
22140552
23464452
22002519
22723339
22241084
22801492
22761433
23203637
22561309
23737486
22388088
12907009
22406531
22401979
16141321
22945757
19291283
15986123
22919439
16585219
22570330
23945276
23239149
22783022
23741392
24596383
24737870
22673335
23445407
22791811
23576735
22986524
23975155
23758908
16436632
24349422
16473279
22964023
26196186
22781553
23023562
24479446
22863008
16606439
22384020
22777768
23249749
16707453
23254957
20010949
23174366
23172872
19383292
23077249
23497265
16809442
23704984
23716599
16849584
16622258
23767917
22272226
17504517
23764000
23404817
22751464
23601657
23868506
24658685
23159737
24062158
24068959
23966295
23797906
23405235
23610125
23251464
24242068
23598999
22942254
23774759
23740839
23375374
23919753
23867476
23158478
16551631
23839042
24434582
23482743
23714854
24056965
23716660
24473196
23447531
24205108
23844228
24192230
23658826
23568481
24304929
23722663
16784538
23839987
25432738
24142343
19455418
24287398
24737166
25612620
24055055
14610279
23921636
24347552
23774991
23993096
24517586
19122658
23821771
24388359
25361981
23921383
17054791
25419568
24098497
24258260
24478054
24885658
24066071
16690749
23918601
17079448
24476918
24752740
24260353
24349199
21196292
24425047
24045437
18056439
24463184
24888378
16467094
24511467
24489661
24983371
24319068
24925029
24825746
24778019
24891615
17420468
24505128
18636107
24692592
25214461
25536365
25073626
17885619
24520076
24567196
25100562
25824335
25411184
24947930
24828673
24828490
24648515
25359765
25398440
17339364
24583822
17389037
26208975
17194187
17159920
26556871
17999412
25252914
26056355
25284793
25887482
25896507
25217527
26033813
25982273
27197157
25578726
17676035
25776572
17327601
25645921
25532106
25319826
17159986
25840970
25828099
25964533
25877889
25716159
26173068
17142811
25942583
25848952
17401012
17573968
25716347
17332353
26026082
17410534
26013319
26543765
26065921
17880733
26581166
26729235
19359472
14525983
18024211
28235006
17229949
17692807
16491124
11742071
11553813
17157791
17157792
26116361
26219822
17317830
26269605
24916694
26923594
26927663
21452019
26749252
18245484
17591970
17407600
17452977
17545524
27484095
19666588
27197230
17452456
26842237
26876179
27384960
27544780
17517823
27351228
17922911
18167534
19088042
17640904
18089780
16849555
18794137
17850661
27409664
18381591
14973112
17660348
17986456
17047072
17914389
19111877
17519006
18058819
18185580
17998334
19321454
18519693
19863778
18508997
15899792
15958538
16624241
22032690
23180380
16266993
15126339
25596703
17513611
16685433
16539734
16540638
17090521
17727702
17700529
17848951
20605923
25867603
24480385
23626839
21785460
27216153
23227362
25770156
28451461
20379172
19276356
24104550
21701558
17910759
19470741
19353633
20593406
11533059
12829800
14737219
15260889
15869330
16518402
16965636
17277331
17187826
11553815
21383199
17074082
19092150
17555561
16103053
17908964
18339859
18000219
19176381
18394990
17388661
20388878
18387200
19615061
17909269
20348243
20625818
17638883
20098429
21531700
22025034
23453623
17317819
23700430
12801868
23354309
19010862
24737760
24059244
21203899
23144294
17699774
20664596
23263164
24980552
23136075
18058224
17044051
20830311
27775704
25274406
16489013
22353773
20189874
15722375
18483253
