18381411
19055748
15023342
18592372
18483266
18507500
19266279
18373191
20029976
18782450
19435916
19204204
18928525
18676831
18593943
18523026
19020972
18625725
17013392
17542648
19326913
19043454
19128516
19153601
18714337
16217747
19458043
18790743
19190350
19155472
18778486
18826606
18821012
19440163
18927117
19421193
19826428
21947828
19567590
21737656
19383354
19603527
19034270
19399471
15328174
19411072
18199711
19411069
19155303
19190334
20215510
15574777
19573813
19073608
19904269
19187537
16280042
19697143
19546881
19684618
19946373
19706540
19327144
19483725
19593441
19652013
19497124
19582160
19432969
19798054
19056847
19690609
20603076
19901029
15897907
19432961
20603605
19732436
19887484
19672874
19671800
19674463
19573224
20420713
21422418
19597549
19593635
19700746
21939527
19292896
19648928
19664288
20442288
19682730
19826037
21153051
20145151
20697068
21057535
20370918
