21890443
18684031
21989608
22144468
12384528
17047043
1862779
22111852
27406346
25669072
23922357
17308160
14923178
26847746
26447012
15695378
22521545
10663852
1731654
3843656
14722733
19723349
14096007
19281226
27752261
6326431
573174
27239063
9808165
27822684
21916568
2247601
25105089
15381618
9247110
21351277
27401536
12549858
11497259
17490475
6365194
18269775
15537300
10235135
11866905
28143493
8691604
10531959
21909792
13213668
24026883
8395454
2096991
23862112
25495200
18390461
22225715
9797694
2995524
24315737
16166296
8002313
9654107
18491250
3055591
11036135
15867337
21272446
25385179
20334781
19967272
18394187
20571237
2778285
19204604
27526133
9461033
6912000
1753363
25433169
6545709
26014318
24667724
27069638
20360634
18838708
21607490
21494783
20532769
19385377
20056257
9394026
9519954
23404816
27666617
8669491
24207087
15598611
26863882
27211474
7228618
24632389
24740565
9538161
12894522
21169540
17036533
7390385
11290691
28053632
28019678
26153499
23247846
10853015
24776696
24528543
25252223
26215644
11694257
11297878
25787921
16990422
16861963
8095051
8955654
26188735
9918810
23083580
10933366
4955531
2154757
22187127
11235142
10380879
17647245
22884683
10378253
25298929
9696393
8158003
28055977
8422670
20960876
9409580
2609535
18436520
27272814
927323
10209852
1380889
2065592
22253088
26092671
26596672
20842987
9823312
10761795
3019506
12701895
12965994
15826875
26859615
25278753
25951738
8844107
27350922
22413612
27524919
19133122
18230565
7744588
21702980
12115572
27959671
3418283
1130007
5743515
1677274
23717340
22870865
24195514
19887619
21979928
21308739
21558506
13652125
444917
6481706
7744377
19258487
23079714
23584475
19403441
15213187
23529824
17698044
27536798
10021916
4029882
23184690
